/*--------------------------------*- C++ -*----------------------------------*\
| =========                 |                                                 |
| \\      /  F ield         | OpenFOAM: The Open Source CFD Toolbox           |
|  \\    /   O peration     | Version:  2106                                  |
|   \\  /    A nd           | Website:  www.openfoam.com                      |
|    \\/     M anipulation  |                                                 |
\*---------------------------------------------------------------------------*/
FoamFile
{
    version     2.0;
    format      binary;
    arch        "LSB;label=32;scalar=64";
    class       cellSet;
    location    "constant/polyMesh/sets";
    object      zone2;
}
// * * * * * * * * * * * * * * * * * * * * * * * * * * * * * * * * * * * * * //


2183
(
442484
442485
442486
442487
442488
442489
442490
442492
442493
442494
442495
442496
442497
442500
442501
442502
442503
442504
442505
442506
442508
442509
442510
442511
442512
442513
442514
426162
426163
426164
426166
426167
426168
426169
426170
426171
426172
426173
426174
426175
426176
426177
426178
426179
426180
426182
426183
426184
426185
426186
426187
426188
426190
426191
426192
426193
426194
426195
426196
442724
442725
442726
442727
442728
442729
442730
442732
442733
442734
442735
442736
442737
442740
442741
442742
442743
442744
442745
442746
442748
442749
442750
442751
442752
442753
426402
426403
426404
426406
426407
426408
426409
426410
426411
426412
426413
426414
426415
426416
426417
426418
426419
426420
426422
426423
426424
426425
426426
426427
426428
426430
426431
426432
426433
426434
426435
426436
442964
442965
442966
442967
442968
442969
442970
442971
442972
442973
442974
442975
442976
442977
442978
442979
442980
442981
442982
442983
442984
442985
442986
442987
442988
442989
442990
442991
442992
442993
442994
442995
426642
426643
426644
426646
426647
426648
426649
426650
426651
426652
426654
426655
426656
426657
426658
426659
426660
426662
426663
426664
426665
426666
426667
426668
426670
426671
426672
426673
426674
426675
426676
443204
443205
443206
443207
443208
443209
443210
443211
443212
443213
443214
443215
443216
443217
443218
443219
443220
443221
443222
443223
443224
443225
443226
443227
443228
443229
443230
443231
443232
443233
443234
443235
426882
426883
426884
426886
426887
426888
426889
426890
426891
426892
426894
426895
426896
426897
426898
426899
426900
426902
426903
426904
426905
426906
426907
426908
426909
426910
426911
426912
426913
426914
426915
426916
435284
435285
435286
435287
435288
435289
435290
435291
435292
435293
435294
435295
435296
435297
435298
435299
435300
435301
435302
435303
435304
435305
435306
435307
435309
435310
435311
435312
435313
435314
427122
435315
427123
435316
427124
427125
427126
427127
427128
427129
427130
427131
427132
427133
427134
427135
427136
427137
427138
427139
427140
427141
427142
427143
427144
427145
427146
427147
427148
427149
427150
427151
427152
427153
427154
427155
427156
435524
435525
435526
435527
435528
435529
435530
435531
435532
435533
435534
435535
435536
435537
435538
435539
435540
435541
435542
435543
435544
435545
435546
435547
435548
435549
435550
435551
435552
435553
435554
427362
435555
427363
435556
427364
427365
427366
427367
427368
427369
427370
427371
427372
427373
427374
427375
427376
427377
427378
427379
427380
427381
427382
427383
427384
427385
427386
427387
427388
427389
427390
427391
427392
427393
427394
427395
427396
435764
435765
435766
435767
435768
435769
435770
435771
435772
435773
435774
435775
435776
435777
435778
435779
435780
435781
435782
435783
435784
435785
435786
435787
435788
435789
435790
435791
435792
435793
435794
427602
435795
427603
435796
427604
427605
427606
427607
427608
427609
427610
427611
427612
427613
427614
427615
427616
427617
427618
427619
427620
427621
427622
427623
427624
427625
427626
427627
427628
427629
427630
427631
427632
427633
427634
427635
427636
436004
436005
436006
436007
436008
436009
436010
436011
436012
436013
436014
436015
436016
436017
436018
436019
436020
436021
436022
436023
436024
436025
436026
436027
436028
436029
436030
436031
436032
436033
436034
427842
436035
427843
436036
427844
427845
427846
427847
427848
427849
427850
427851
427852
427853
427854
427855
427856
427857
427858
427859
427860
427861
427862
427863
427864
427865
427866
427867
427868
427869
427870
427871
427872
427873
427874
427875
427876
436244
436245
436246
436247
436248
436249
436250
436251
436252
436253
436254
436255
436256
436257
436258
436259
436260
436261
436262
436263
436264
436265
436266
436267
436268
436269
436270
436271
436272
436273
436274
428082
436275
428083
436276
428084
428085
428086
428087
428088
428089
428090
428091
428092
428093
428094
428095
428096
428097
428098
428099
428100
428101
428102
428103
428104
428105
428106
428107
428108
428109
428110
428111
428112
428113
428114
428115
428116
436484
436485
436486
436487
436488
436489
436490
436491
436492
436493
436494
436495
436496
436497
436498
436499
436500
436501
436502
436503
436504
436505
436506
436507
436508
436509
436510
436511
436512
436513
436514
428322
436515
428323
436516
428324
428325
428326
428327
428328
428329
428330
428331
428332
428333
428334
428335
428336
428337
428338
428339
428340
428341
428342
428343
428344
428345
428346
428347
428348
428349
428350
428351
428352
428353
428354
428355
428356
436724
436725
436726
436727
436728
436729
436730
436731
436732
436733
436734
436735
436736
436737
436738
436739
436740
436741
436742
436743
436744
436745
436746
436747
436748
436749
436750
436751
436752
436753
436754
428562
436755
428563
428564
428566
428567
428568
428569
428570
428571
428572
428574
428575
428576
428577
428578
428579
428580
428582
428583
428584
428585
428586
428587
428588
428590
428591
428592
428593
428594
428595
428596
436964
436965
436966
436967
436968
436969
436970
436971
436972
436973
436974
436975
436976
436977
436978
436979
436980
436981
436982
436983
436984
436985
436986
436987
436988
436989
436990
436991
436992
436993
436994
428802
436995
428803
428804
428805
428806
428807
428808
428809
428810
428811
428812
428813
428814
428815
428816
428817
428818
428819
428820
428821
428822
428823
428824
428825
428826
428827
428828
428829
428830
428831
428832
428833
428834
428835
428836
437204
437205
437206
437207
437208
437209
437210
437211
437212
437213
437214
437215
437216
437217
437218
437219
437220
437221
437222
437223
437224
437225
437226
437227
437229
437230
437231
437232
437233
437234
437235
420882
420883
420884
420885
420886
420887
420888
420889
420890
420891
420892
420893
420894
420895
420896
420897
420898
420899
420900
420901
420902
420903
420904
420905
420906
420907
420908
420909
420910
420911
420912
420913
420914
420915
420916
437442
437443
437444
437445
437446
437447
437448
437449
437450
437451
437452
437453
437454
437455
437456
437457
437458
437459
437460
437461
437462
437463
437464
437465
437466
437467
437468
437469
437470
437471
437472
437473
437474
437475
437476
421122
421123
421124
421126
421127
421128
421129
421130
421131
421132
421134
421135
421136
421137
421138
421139
421140
421142
421143
421144
421145
421146
421147
421148
421149
421150
421151
421152
421153
421154
421155
421156
437682
437683
437684
437685
437686
437687
437688
437689
437690
437691
437692
437693
437694
437695
437696
437697
437698
437699
437700
437701
437702
437703
437704
437705
437706
437707
437708
437709
437710
437711
437712
437713
437714
437715
437716
421362
421363
421364
421366
421367
421368
421369
421370
421371
421372
421374
421375
421376
421377
421378
421379
421380
421382
421383
421384
421385
421386
421387
421388
421390
421391
421392
421393
421394
421395
421396
437924
437925
437926
437927
437928
437929
437930
437931
437932
437933
437934
437935
437936
437937
437938
437939
437940
437941
437942
437943
437944
437945
437946
437947
437948
437949
437950
437951
437952
437953
437954
437955
421602
421603
421604
421605
421606
421607
421608
421609
421610
421611
421612
421614
421615
421616
421617
421618
421619
421620
421622
421623
421624
421625
421626
421627
421628
421630
421631
421632
421633
421634
421635
421636
438164
438165
438166
438167
438168
438169
438170
438171
438172
438173
438174
438175
438176
438177
438178
438179
438180
438181
438182
438183
438184
438185
438186
438187
438188
438189
438190
438191
438192
438193
438194
438195
421842
421843
421844
421845
421846
421847
421848
421849
421850
421851
421852
421854
421855
421856
421857
421858
421859
421860
421861
421862
421863
421865
421866
421867
421868
421869
421870
421871
421872
421873
421874
421875
421876
438402
438404
438405
438406
438407
438408
438409
438410
438411
438412
438413
438414
438415
438416
438417
438418
438419
438420
438421
438422
438423
438424
438425
438426
438427
438428
438429
438430
438431
438432
438433
438434
438435
438436
422082
422083
422084
422086
422087
422088
422089
422090
422091
422092
422094
422095
422096
422097
422098
422099
422100
422101
422102
422103
422104
422105
422106
422107
422108
422109
422110
422111
422112
422113
422114
422115
422116
438642
438644
438645
438646
438647
438648
438649
438650
438651
438652
438653
438654
438655
438656
438657
438658
438659
438660
438661
438662
438663
438664
438665
438666
438667
438668
438669
438670
438671
438672
438673
438674
438675
438676
422322
422323
422324
422326
422327
422328
422329
422330
422331
422332
422334
422335
422336
422337
422338
422339
422340
422342
422343
422344
422345
422346
422347
422348
422349
422350
422351
422352
422353
422354
422355
422356
438884
438885
438886
438887
438888
438889
438890
438891
438892
438893
438894
438895
438896
438897
438898
438899
438900
438901
438902
438903
438904
438905
438906
438907
438908
438909
438910
438911
438912
438913
438914
438915
438916
422562
422563
422564
422566
422567
422568
422569
422570
422571
422572
422574
422575
422576
422577
422578
422579
422580
422582
422583
422584
422585
422586
422587
422588
422589
422590
422591
422592
422593
422595
422596
439124
439125
439126
439127
439128
439129
439130
439131
439132
439133
439134
439135
439136
439137
439138
439139
439140
439141
439142
439143
439144
439145
439146
439147
439148
439149
439150
439151
439152
439153
439154
439155
439156
422802
422803
422804
422805
422806
422807
422808
422809
422810
422811
422812
422813
422814
422815
422816
422817
422818
422819
422820
422821
422822
422823
422824
422825
422826
422827
422828
422829
422830
422831
422832
422833
422834
422835
422836
439364
439365
439366
439367
439368
439369
439370
439371
439372
439373
439374
439375
439376
439377
439378
439379
439380
439381
439382
439383
439384
439385
439386
439387
439388
439389
439390
439391
439392
439393
439394
439395
423042
423043
423044
423045
423046
423047
423048
423049
423050
423051
423052
423053
423054
423055
423056
423057
423058
423059
423060
423061
423062
423063
423064
423065
423066
423067
423068
423069
423070
423071
423072
423073
423074
423075
423076
439604
439605
439606
439607
439608
439609
439610
439611
439612
439613
439614
439615
439616
439617
439618
439619
439620
439621
439622
439623
439624
439625
439626
439627
439628
439629
439630
439631
439632
439633
439634
439635
423282
423283
423284
423285
423286
423287
423288
423289
423290
423291
423292
423293
423294
423295
423296
423297
423298
423299
423300
423301
423302
423303
423304
423305
423306
423307
423308
423310
423311
423312
423313
423314
423315
423316
439844
439845
439846
439847
439848
439849
439850
439851
439852
439853
439854
439855
439856
439857
439858
439859
439860
439861
439862
439863
439864
439865
439866
439867
439868
439869
439870
439871
439872
439873
439874
439875
423522
423523
423524
423526
423527
423528
423529
423530
423531
423532
423533
423534
423535
423536
423537
423538
423539
423540
423541
423542
423543
423544
423545
423546
423547
423548
423549
423550
423551
423552
423553
423554
423555
423556
440084
440085
440086
440087
440088
440089
440090
440091
440092
440093
440094
440095
440096
440097
440098
440099
440100
440101
440102
440103
440104
440105
440106
440107
440108
440109
440110
440111
440112
440113
440114
440115
423762
423763
423764
423766
423767
423768
423769
423770
423771
423772
423773
423774
423775
423776
423777
423778
423779
423780
423781
423782
423783
423784
423785
423786
423787
423788
423789
423790
423791
423792
423793
423794
423795
423796
440324
440325
440326
440327
440328
440329
440330
440331
440332
440333
440334
440335
440336
440337
440338
440339
440340
440341
440342
440343
440344
440345
440346
440347
440348
440349
440350
440351
440352
440353
440354
440355
424002
424003
424004
424005
424006
424007
424008
424009
424010
424011
424012
424013
424014
424015
424016
424017
424018
424019
424020
424021
424022
424023
424024
424025
424026
424027
424028
424030
424031
424032
424033
424034
424035
424036
440564
440565
440566
440567
440568
440569
440570
440571
440572
440573
440574
440575
440576
440577
440578
440579
440580
440581
440582
440583
440584
440585
440586
440587
440588
440589
440590
440591
440592
440593
440594
440595
424242
424243
424244
424245
424246
424247
424248
424249
424250
424251
424252
424253
424254
424255
424256
424257
424258
424259
424260
424261
424262
424263
424264
424265
424266
424267
424268
424270
424271
424272
424273
424274
424275
424276
440804
440805
440806
440807
440808
440809
440810
440811
440812
440813
440814
440815
440816
440817
440818
440819
440820
440821
440822
440823
440824
440825
440826
440827
440828
440829
440830
440831
440832
440833
440834
440835
424482
424483
424484
424485
424486
424487
424488
424489
424490
424491
424492
424493
424494
424495
424496
424497
424498
424499
424500
424501
424502
424503
424504
424505
424506
424507
424508
424509
424510
424511
424512
424513
424514
424515
424516
441044
441045
441046
441047
441048
441049
441050
441051
441052
441053
441054
441055
441056
441057
441058
441059
441060
441061
441062
441063
441064
441065
441066
441067
441068
441069
441070
441071
441072
441073
441074
441075
424722
424723
424724
424725
424726
424727
424728
424729
424730
424731
424732
424733
424734
424735
424736
424737
424738
424739
424740
424741
424742
424743
424744
424745
424746
424747
424748
424749
424750
424751
424752
424753
424754
424755
424756
441284
441285
441286
441287
441288
441289
441290
441291
441292
441293
441294
441295
441296
441297
441298
441299
441300
441301
441302
441303
441304
441305
441306
441307
441308
441309
441310
441311
441312
441313
441314
441315
424962
424963
424964
424966
424967
424968
424969
424970
424971
424972
424974
424975
424976
424977
424978
424979
424980
424982
424983
424984
424985
424986
424987
424988
424990
424991
424992
424993
424994
424995
424996
441524
441525
441526
441527
441528
441529
441530
441531
441532
441533
441534
441535
441536
441537
441538
441539
441540
441541
441542
441543
441544
441545
441546
441547
441549
441550
441551
441552
441553
441554
441555
425202
425203
425204
425206
425207
425208
425209
425210
425211
425212
425214
425215
425216
425217
425218
425219
425220
425221
425222
425223
425224
425225
425226
425227
425228
425230
425231
425232
425233
425234
425235
425236
441764
441765
441766
441772
441773
441774
441780
441781
441782
441783
441784
441785
441786
441787
441788
441789
441790
441791
441792
425442
425443
425444
425446
425447
425448
425449
425450
425451
425452
425454
425455
425456
425457
425458
425459
425460
425461
425462
425463
425464
425465
425466
425467
425468
425470
425471
425472
425473
425474
425475
425476
442004
442005
442006
442012
442013
442014
442020
442021
442022
442023
442024
442026
442027
442028
442029
442030
442031
442032
425682
425683
425684
425686
425687
425688
425689
425690
425691
425692
425694
425695
425696
425697
425698
425699
425700
425702
425703
425704
425705
425706
425707
425708
425710
425711
425712
425713
425714
425715
425716
442244
442245
442246
442247
442248
442252
442253
442254
442260
442261
442262
442263
442264
442265
442268
442269
442270
442271
442272
442273
442274
425922
425923
425924
425926
425927
425928
425929
425930
425931
425932
425934
425935
425936
425937
425938
425939
425940
425942
425943
425944
425945
425946
425947
425948
425950
425951
425952
425953
425954
425955
425956
)


// ************************************************************************* //
