/*--------------------------------*- C++ -*----------------------------------*\
| =========                 |                                                 |
| \\      /  F ield         | OpenFOAM: The Open Source CFD Toolbox           |
|  \\    /   O peration     | Version:  2106                                  |
|   \\  /    A nd           | Website:  www.openfoam.com                      |
|    \\/     M anipulation  |                                                 |
\*---------------------------------------------------------------------------*/
FoamFile
{
    version     2.0;
    format      binary;
    arch        "LSB;label=32;scalar=64";
    class       cellSet;
    location    "constant/polyMesh/sets";
    object      zone1;
}
// * * * * * * * * * * * * * * * * * * * * * * * * * * * * * * * * * * * * * //


1700
(
454658
454659
393222
393223
512014
512015
270351
270352
450578
450579
569370
569371
327707
327708
507934
507935
266271
266272
385063
385064
565290
565291
323627
323628
442419
442420
380983
380984
499775
499776
438339
438340
557131
557132
495695
495696
254032
614488
553051
553052
311388
311389
249952
610408
368744
368745
307308
307309
426100
426101
364664
364665
483456
483457
422020
422021
540812
540813
299149
299150
479376
479377
598168
598169
356505
356506
536732
536733
295069
295070
413861
413862
594088
594089
352425
352426
471217
471218
409781
409782
528573
528574
467137
467138
585929
585930
524493
524494
282830
282831
581849
581850
340186
340187
278750
278751
397542
397543
336106
336107
454898
454899
393462
393463
512254
512255
450818
450819
569610
569611
327947
327948
508174
508175
266511
266512
385303
385304
565530
565531
323867
323868
262431
262432
442659
442660
381223
381224
500015
500016
438579
438580
557371
557372
495935
495936
254272
614728
553291
553292
311628
311629
250192
610648
368984
368985
307548
307549
426340
426341
364904
364905
483696
483697
422260
422261
541052
541053
479616
479617
598408
598409
356745
356746
536972
536973
295309
295310
414101
414102
594328
594329
352665
352666
291229
291230
471457
471458
410021
410022
528813
528814
467377
467378
586169
586170
524733
524734
283070
283071
582089
582090
340426
340427
278990
278991
397782
397783
336346
336347
455138
455139
393702
393703
512494
512495
451058
451059
569850
569851
508414
508415
266751
266752
385543
385544
565770
565771
324107
324108
262671
262672
442899
442900
381463
381464
320027
320028
500255
500256
438819
438820
557611
557612
496175
496176
254512
614968
553531
553532
311868
311869
250432
610888
369224
369225
307788
307789
426580
426581
365144
365145
483936
483937
422500
422501
541292
541293
479856
479857
598648
598649
537212
537213
295549
295550
414341
414342
594568
594569
352905
352906
291469
291470
471697
471698
410261
410262
348825
348826
529053
529054
467617
467618
586409
586410
524973
524974
283310
283311
582329
582330
340666
340667
279230
279231
398022
398023
336586
336587
455378
455379
393942
393943
512734
512735
451298
451299
570090
570091
508654
508655
266991
266992
566010
566011
324347
324348
262911
262912
443139
443140
381703
381704
320267
320268
500495
500496
439059
439060
377623
377624
557851
557852
496415
496416
254752
615208
553771
553772
312108
312109
250672
611128
369464
369465
308028
308029
426820
426821
365384
365385
484176
484177
422740
422741
541532
541533
480096
480097
598888
598889
537452
537453
295789
295790
594808
594809
353145
353146
291709
291710
471937
471938
410501
410502
349065
349066
529293
529294
467857
467858
406421
406422
586649
586650
525213
525214
283550
283551
582569
582570
340906
340907
279470
279471
398262
398263
336826
336827
455618
455619
394182
394183
512974
512975
451538
451539
570330
570331
508894
508895
267231
267232
566250
566251
324587
324588
263151
263152
381943
381944
320507
320508
500735
500736
439299
439300
377863
377864
558091
558092
496655
496656
254992
435219
435220
615448
554011
554012
312348
312349
250912
611368
369704
369705
308268
308269
427060
427061
365624
365625
484416
484417
422980
422981
541772
541773
480336
480337
599128
599129
537692
537693
296029
296030
595048
595049
353385
353386
291949
291950
410741
410742
349305
349306
529533
529534
468097
468098
406661
406662
586889
586890
525453
525454
283790
283791
464017
464018
582809
582810
341146
341147
279710
279711
398502
398503
337066
337067
455858
455859
394422
394423
513214
513215
451778
451779
570570
570571
509134
509135
267471
267472
566490
566491
324827
324828
263391
263392
382183
382184
320747
320748
439539
439540
378103
378104
558331
558332
496895
496896
255232
435459
435460
615688
554251
554252
312588
312589
492815
492816
251152
611608
369944
369945
308508
308509
427300
427301
365864
365865
484656
484657
423220
423221
542012
542013
480576
480577
599368
599369
537932
537933
296269
296270
595288
595289
353625
353626
292189
292190
410981
410982
349545
349546
468337
468338
406901
406902
587129
587130
525693
525694
284030
284031
464257
464258
583049
583050
341386
341387
521613
521614
279950
279951
398742
398743
337306
337307
456098
456099
394662
394663
513454
513455
452018
452019
570810
570811
509374
509375
267711
267712
566730
566731
325067
325068
263631
263632
382423
382424
320987
320988
439779
439780
378343
378344
497135
497136
255472
435699
435700
615928
554491
554492
312828
312829
493055
493056
251392
611848
370184
370185
550411
550412
308748
308749
427540
427541
366104
366105
484896
484897
423460
423461
542252
542253
480816
480817
599608
599609
538172
538173
296509
296510
595528
595529
353865
353866
292429
292430
411221
411222
349785
349786
468577
468578
407141
407142
525933
525934
284270
284271
464497
464498
583289
583290
341626
341627
521853
521854
280190
280191
398982
398983
579209
579210
337546
337547
456338
456339
394902
394903
513694
513695
452258
452259
571050
571051
509614
509615
267951
267952
566970
566971
325307
325308
263871
263872
382663
382664
321227
321228
440019
440020
378583
378584
497375
497376
255712
435939
435940
554731
554732
313068
313069
493295
493296
251632
612088
370424
370425
550651
550652
308988
308989
427780
427781
608008
366344
366345
485136
485137
423700
423701
542492
542493
481056
481057
599848
599849
538412
538413
296749
296750
595768
595769
354105
354106
292669
292670
411461
411462
350025
350026
468817
468818
407381
407382
526173
526174
284510
284511
464737
464738
583529
583530
341866
341867
522093
522094
280430
280431
399222
399223
579449
579450
337786
337787
456578
456579
395142
395143
513934
513935
452498
452499
571290
571291
509854
509855
268191
268192
567210
567211
325547
325548
264111
264112
382903
382904
321467
321468
440259
440260
378823
378824
497615
497616
255952
436179
436180
554971
554972
313308
313309
493535
493536
251872
612328
370664
370665
550891
550892
309228
309229
428020
428021
608248
366584
366585
485376
485377
423940
423941
542732
542733
481296
481297
600088
600089
538652
538653
296989
296990
596008
596009
354345
354346
292909
292910
411701
411702
350265
350266
469057
469058
407621
407622
526413
526414
284750
284751
464977
464978
583769
583770
342106
342107
522333
522334
280670
280671
399462
399463
579689
579690
338026
338027
456818
456819
395382
395383
514174
514175
452738
452739
571530
571531
510094
510095
268431
268432
567450
567451
325787
325788
264351
264352
383143
383144
321707
321708
440499
440500
379063
379064
497855
497856
436419
436420
555211
555212
313548
313549
493775
493776
252112
612568
370904
370905
551131
551132
309468
309469
248032
428260
428261
608488
366824
366825
485616
485617
424180
424181
542972
542973
481536
481537
600328
600329
538892
538893
297229
297230
596248
596249
354585
354586
293149
293150
411941
411942
350505
350506
469297
469298
407861
407862
526653
526654
465217
465218
584009
584010
342346
342347
522573
522574
280910
280911
399702
399703
579929
579930
338266
338267
276830
276831
457058
457059
395622
395623
514414
514415
452978
452979
571770
571771
510334
510335
268671
268672
567690
567691
326027
326028
264591
264592
383383
383384
321947
321948
440739
440740
379303
379304
498095
498096
436659
436660
555451
555452
494015
494016
252352
612808
371144
371145
551371
551372
309708
309709
248272
428500
428501
608728
367064
367065
305628
305629
485856
485857
424420
424421
543212
543213
481776
481777
600568
600569
539132
539133
297469
297470
596488
596489
354825
354826
293389
293390
412181
412182
350745
350746
469537
469538
408101
408102
526893
526894
465457
465458
584249
584250
522813
522814
281150
281151
399942
399943
580169
580170
338506
338507
277070
277071
457298
457299
395862
395863
334426
334427
514654
514655
453218
453219
572010
572011
510574
510575
268911
268912
567930
567931
326267
326268
264831
264832
383623
383624
322187
322188
440979
440980
379543
379544
498335
498336
436899
436900
555691
555692
494255
494256
252592
613048
551611
551612
309948
309949
248512
428740
428741
608968
367304
367305
305868
305869
486096
486097
424660
424661
363224
363225
543452
543453
482016
482017
600808
600809
539372
539373
297709
297710
596728
596729
355065
355066
293629
293630
412421
412422
350985
350986
469777
469778
408341
408342
527133
527134
465697
465698
584489
584490
523053
523054
281390
281391
580409
580410
338746
338747
277310
277311
457538
457539
396102
396103
334666
334667
514894
514895
453458
453459
392022
392023
572250
572251
510814
510815
269151
269152
568170
568171
326507
326508
265071
265072
383863
383864
322427
322428
441219
441220
379783
379784
498575
498576
437139
437140
555931
555932
494495
494496
252832
613288
551851
551852
310188
310189
248752
609208
367544
367545
306108
306109
486336
486337
424900
424901
363464
363465
543692
543693
482256
482257
420820
420821
601048
601049
539612
539613
297949
297950
596968
596969
355305
355306
293869
293870
412661
412662
351225
351226
470017
470018
408581
408582
527373
527374
465937
465938
584729
584730
523293
523294
281630
281631
580649
580650
338986
338987
277550
277551
396342
396343
334906
334907
515134
515135
453698
453699
392262
392263
572490
572491
511054
511055
269391
269392
449618
449619
568410
568411
326747
326748
265311
265312
384103
384104
322667
322668
441459
441460
380023
380024
498815
498816
437379
437380
556171
556172
494735
494736
253072
613528
552091
552092
310428
310429
248992
609448
367784
367785
306348
306349
425140
425141
363704
363705
543932
543933
482496
482497
421060
421061
601288
601289
539852
539853
298189
298190
478416
478417
597208
597209
355545
355546
294109
294110
412901
412902
351465
351466
470257
470258
408821
408822
527613
527614
466177
466178
584969
584970
523533
523534
281870
281871
580889
580890
339226
339227
277790
277791
396582
396583
335146
335147
453938
453939
392502
392503
572730
572731
511294
511295
269631
269632
449858
449859
568650
568651
326987
326988
507214
507215
265551
265552
384343
384344
322907
322908
441699
441700
380263
380264
499055
499056
437619
437620
556411
556412
494975
494976
253312
613768
552331
552332
310668
310669
249232
609688
368024
368025
306588
306589
425380
425381
363944
363945
482736
482737
421300
421301
601528
601529
540092
540093
298429
298430
478656
478657
597448
597449
355785
355786
536012
536013
294349
294350
413141
413142
351705
351706
470497
470498
409061
409062
527853
527854
466417
466418
585209
585210
523773
523774
282110
282111
581129
581130
339466
339467
278030
278031
396822
396823
335386
335387
454178
454179
392742
392743
511534
511535
269871
269872
450098
450099
568890
568891
327227
327228
507454
507455
265791
265792
384583
384584
564810
564811
323147
323148
441939
441940
380503
380504
499295
499296
437859
437860
556651
556652
495215
495216
253552
614008
552571
552572
310908
310909
249472
609928
368264
368265
306828
306829
425620
425621
364184
364185
482976
482977
421540
421541
540332
540333
298669
298670
478896
478897
597688
597689
356025
356026
536252
536253
294589
294590
413381
413382
593608
593609
351945
351946
470737
470738
409301
409302
528093
528094
466657
466658
585449
585450
524013
524014
282350
282351
581369
581370
339706
339707
278270
278271
397062
397063
335626
335627
454418
454419
392982
392983
511774
511775
270111
270112
450338
450339
569130
569131
327467
327468
507694
507695
266031
266032
384823
384824
565050
565051
323387
323388
442179
442180
380743
380744
499535
499536
438099
438100
556891
556892
495455
495456
253792
614248
552811
552812
311148
311149
249712
610168
368504
368505
307068
307069
425860
425861
364424
364425
483216
483217
421780
421781
540572
540573
298909
298910
479136
479137
597928
597929
356265
356266
536492
536493
294829
294830
413621
413622
593848
593849
352185
352186
470977
470978
409541
409542
528333
528334
466897
466898
585689
585690
524253
524254
282590
282591
581609
581610
339946
339947
278510
278511
397302
397303
335866
335867
)


// ************************************************************************* //
