/*--------------------------------*- C++ -*----------------------------------*\
| =========                 |                                                 |
| \\      /  F ield         | OpenFOAM: The Open Source CFD Toolbox           |
|  \\    /   O peration     | Version:  2106                                  |
|   \\  /    A nd           | Website:  www.openfoam.com                      |
|    \\/     M anipulation  |                                                 |
\*---------------------------------------------------------------------------*/
FoamFile
{
    version     2.0;
    format      binary;
    arch        "LSB;label=32;scalar=64";
    class       cellSet;
    location    "constant/polyMesh/sets";
    object      zone0;
}
// * * * * * * * * * * * * * * * * * * * * * * * * * * * * * * * * * * * * * //


1224
(
679940
557060
495620
311300
249860
614420
552980
368660
307220
671780
610340
426020
364580
180260
667700
483380
421940
299060
237620
176180
540740
479300
356420
294980
233540
598100
536660
413780
352340
655460
594020
471140
409700
225380
651380
528500
467060
282740
221300
585860
524420
340100
278660
643220
581780
397460
336020
639140
454820
393380
209060
512180
450740
327860
266420
204980
569540
508100
385220
323780
262340
626900
565460
442580
381140
196820
684260
622820
499940
438500
254180
192740
680180
557300
495860
311540
250100
614660
553220
368900
307460
672020
610580
426260
364820
180500
667940
483620
422180
237860
176420
540980
479540
356660
295220
233780
598340
536900
414020
352580
291140
655700
594260
471380
409940
225620
651620
528740
467300
282980
221540
586100
524660
340340
278900
643460
582020
397700
336260
639380
455060
393620
209300
512420
450980
266660
205220
569780
508340
385460
324020
262580
627140
565700
442820
381380
319940
197060
684500
623060
500180
438740
254420
192980
680420
557540
496100
311780
250340
614900
553460
369140
307700
672260
610820
426500
365060
180740
668180
483860
422420
238100
176660
541220
479780
295460
234020
598580
537140
414260
352820
291380
655940
594500
471620
410180
348740
225860
651860
528980
467540
283220
221780
586340
524900
340580
279140
643700
582260
397940
336500
639620
455300
393860
209540
512660
451220
266900
205460
570020
508580
324260
262820
627380
565940
443060
381620
320180
197300
684740
623300
500420
438980
377540
254660
193220
680660
557780
496340
312020
250580
615140
553700
369380
307940
672500
611060
426740
365300
180980
668420
484100
422660
238340
176900
541460
480020
295700
234260
598820
537380
353060
291620
656180
594740
471860
410420
348980
226100
652100
529220
467780
406340
283460
222020
586580
525140
340820
279380
643940
582500
398180
336740
639860
455540
394100
209780
512900
451460
267140
205700
570260
508820
324500
263060
627620
566180
381860
320420
197540
684980
623540
500660
439220
377780
254900
193460
680900
558020
496580
435140
312260
250820
615380
553940
369620
308180
672740
611300
426980
365540
181220
668660
484340
422900
238580
177140
541700
480260
295940
234500
599060
537620
353300
291860
656420
594980
410660
349220
226340
652340
529460
468020
406580
283700
222260
586820
525380
463940
341060
279620
644180
582740
398420
336980
640100
455780
394340
210020
513140
451700
267380
205940
570500
509060
324740
263300
627860
566420
382100
320660
197780
685220
623780
439460
378020
255140
193700
681140
558260
496820
435380
312500
251060
615620
554180
492740
369860
308420
672980
611540
427220
365780
181460
668900
484580
423140
238820
177380
541940
480500
296180
234740
599300
537860
353540
292100
656660
595220
410900
349460
226580
652580
468260
406820
283940
222500
587060
525620
464180
341300
279860
644420
582980
521540
398660
337220
640340
456020
394580
210260
513380
451940
267620
206180
570740
509300
324980
263540
628100
566660
382340
320900
198020
685460
624020
439700
378260
255380
193940
681380
497060
435620
312740
251300
615860
554420
492980
370100
308660
673220
611780
550340
427460
366020
181700
669140
484820
423380
239060
177620
542180
480740
296420
234980
599540
538100
353780
292340
656900
595460
411140
349700
226820
652820
468500
407060
284180
222740
525860
464420
341540
280100
644660
583220
521780
398900
337460
640580
579140
456260
394820
210500
513620
452180
267860
206420
570980
509540
325220
263780
628340
566900
382580
321140
198260
685700
624260
439940
378500
255620
194180
681620
497300
435860
312980
251540
554660
493220
370340
308900
673460
612020
550580
427700
366260
181940
669380
607940
485060
423620
239300
177860
542420
480980
296660
235220
599780
538340
354020
292580
657140
595700
411380
349940
227060
653060
468740
407300
284420
222980
526100
464660
341780
280340
583460
522020
399140
337700
640820
579380
456500
395060
210740
636740
513860
452420
268100
206660
571220
509780
325460
264020
628580
567140
382820
321380
685940
624500
440180
378740
255860
194420
681860
497540
436100
313220
251780
190340
554900
493460
370580
309140
612260
550820
427940
366500
182180
669620
608180
485300
423860
239540
178100
665540
542660
481220
296900
235460
600020
538580
354260
292820
657380
595940
411620
350180
653300
468980
407540
284660
223220
526340
464900
342020
280580
219140
583700
522260
399380
337940
641060
579620
456740
395300
210980
636980
514100
452660
268340
206900
571460
510020
325700
264260
628820
567380
383060
321620
686180
624740
440420
378980
194660
682100
497780
436340
313460
252020
190580
555140
493700
370820
309380
247940
612500
551060
428180
366740
182420
669860
608420
485540
424100
239780
178340
665780
542900
481460
297140
235700
600260
538820
354500
293060
657620
596180
411860
350420
653540
469220
407780
223460
526580
465140
342260
280820
219380
583940
522500
399620
338180
276740
641300
579860
456980
395540
211220
637220
514340
452900
268580
207140
571700
510260
325940
264500
629060
567620
383300
321860
686420
624980
440660
379220
194900
682340
498020
436580
252260
190820
555380
493940
371060
309620
248180
612740
551300
428420
366980
305540
182660
670100
608660
485780
424340
240020
178580
666020
543140
481700
297380
235940
600500
539060
354740
293300
657860
596420
412100
350660
653780
469460
408020
223700
526820
465380
281060
219620
584180
522740
399860
338420
276980
641540
580100
457220
395780
334340
211460
637460
514580
453140
268820
207380
571940
510500
326180
264740
629300
567860
383540
322100
686660
625220
440900
379460
195140
682580
498260
436820
252500
191060
555620
494180
309860
248420
612980
551540
428660
367220
305780
182900
670340
608900
486020
424580
363140
240260
178820
666260
543380
481940
297620
236180
600740
539300
354980
293540
658100
596660
412340
350900
654020
469700
408260
223940
527060
465620
281300
219860
584420
522980
338660
277220
641780
580340
457460
396020
334580
211700
637700
514820
453380
391940
269060
207620
572180
510740
326420
264980
629540
568100
383780
322340
686900
625460
441140
379700
195380
682820
498500
437060
252740
191300
555860
494420
310100
248660
613220
551780
367460
306020
183140
670580
609140
486260
424820
363380
240500
179060
666500
543620
482180
420740
297860
236420
600980
539540
355220
293780
658340
596900
412580
351140
654260
469940
408500
224180
527300
465860
281540
220100
584660
523220
338900
277460
642020
580580
396260
334820
211940
637940
515060
453620
392180
269300
207860
572420
510980
449540
326660
265220
629780
568340
384020
322580
687140
625700
441380
379940
195620
683060
498740
437300
252980
191540
556100
494660
310340
248900
613460
552020
367700
306260
183380
670820
609380
425060
363620
240740
179300
666740
543860
482420
420980
298100
236660
601220
539780
478340
355460
294020
658580
597140
412820
351380
654500
470180
408740
224420
527540
466100
281780
220340
584900
523460
339140
277700
642260
580820
396500
335060
212180
638180
453860
392420
269540
208100
572660
511220
449780
326900
265460
630020
568580
507140
384260
322820
687380
625940
441620
380180
195860
683300
498980
437540
253220
191780
556340
494900
310580
249140
613700
552260
367940
306500
183620
671060
609620
425300
363860
240980
179540
666980
482660
421220
298340
236900
601460
540020
478580
355700
294260
658820
597380
535940
413060
351620
654740
470420
408980
224660
527780
466340
282020
220580
585140
523700
339380
277940
642500
581060
396740
335300
212420
638420
454100
392660
269780
208340
511460
450020
327140
265700
630260
568820
507380
384500
323060
687620
626180
564740
441860
380420
196100
683540
499220
437780
253460
192020
556580
495140
310820
249380
613940
552500
368180
306740
183860
671300
609860
425540
364100
241220
179780
667220
482900
421460
298580
237140
540260
478820
355940
294500
659060
597620
536180
413300
351860
654980
593540
470660
409220
224900
528020
466580
282260
220820
585380
523940
339620
278180
642740
581300
396980
335540
212660
638660
454340
392900
270020
208580
511700
450260
327380
265940
569060
507620
384740
323300
687860
626420
564980
442100
380660
196340
683780
622340
499460
438020
253700
192260
556820
495380
311060
249620
614180
552740
368420
306980
671540
610100
425780
364340
241460
180020
667460
483140
421700
298820
237380
175940
540500
479060
356180
294740
597860
536420
413540
352100
655220
593780
470900
409460
225140
651140
528260
466820
282500
221060
585620
524180
339860
278420
642980
581540
397220
335780
638900
454580
393140
270260
208820
511940
450500
327620
266180
204740
569300
507860
384980
323540
626660
565220
442340
380900
196580
684020
622580
499700
438260
253940
192500
)


// ************************************************************************* //
