/*--------------------------------*- C++ -*----------------------------------*\
| =========                 |                                                 |
| \\      /  F ield         | OpenFOAM: The Open Source CFD Toolbox           |
|  \\    /   O peration     | Version:  2106                                  |
|   \\  /    A nd           | Website:  www.openfoam.com                      |
|    \\/     M anipulation  |                                                 |
\*---------------------------------------------------------------------------*/
FoamFile
{
    version     2.0;
    format      binary;
    arch        "LSB;label=32;scalar=64";
    class       cellSet;
    location    "constant/polyMesh/sets";
    object      zone0;
}
// * * * * * * * * * * * * * * * * * * * * * * * * * * * * * * * * * * * * * //


324
(
63490
48130
76810
30730
74770
59410
44050
72730
42010
26650
70690
55330
84010
37930
22570
81970
66610
51250
79930
49210
33850
77890
62530
45130
29770
73810
58450
27730
56410
41050
85090
69730
23650
52330
36970
81010
65650
34930
63610
48250
76930
30850
59530
44170
72850
42130
26770
70810
55450
84130
38050
22690
66730
51370
80050
49330
33970
78010
62650
45250
29890
73930
58570
27850
56530
41170
85210
69850
23770
52450
37090
81130
65770
35050
63730
48370
77050
30970
59650
44290
72970
42250
26890
70930
55570
84250
38170
22810
66850
51490
80170
49450
34090
78130
62770
45370
30010
74050
58690
27970
56650
41290
25930
85330
69970
23890
52570
37210
81250
65890
35170
63850
48490
33130
77170
31090
59770
44410
73090
42370
27010
71050
55690
40330
84370
38290
22930
66970
51610
80290
49570
34210
78250
62890
47530
45490
30130
74170
58810
56770
41410
26050
85450
70090
54730
24010
52690
37330
81370
66010
63970
48610
33250
77290
61930
31210
59890
44530
73210
27130
71170
55810
40450
84490
69130
38410
23050
67090
51730
80410
34330
78370
63010
47650
76330
45610
30250
74290
58930
41530
26170
85570
70210
54850
24130
83530
52810
37450
81490
66130
48730
33370
77410
62050
31330
60010
44650
73330
27250
55930
40570
84610
69250
38530
23170
67210
51850
80530
34450
63130
47770
76450
45730
30370
74410
59050
41650
26290
70330
54970
24250
83650
52930
37570
81610
66250
48850
33490
77530
62170
31450
60130
44770
73450
27370
56050
40690
84730
69370
38650
23290
67330
51970
80650
34570
63250
47890
76570
45850
30490
74530
59170
41770
26410
70450
55090
24370
83770
53050
37690
22330
81730
66370
48970
33610
77650
62290
31570
60250
44890
29530
73570
27490
56170
40810
84850
69490
38770
23410
67450
52090
36730
80770
34690
63370
48010
76690
45970
30610
74650
59290
43930
41890
26530
70570
55210
83890
53170
37810
22450
81850
66490
51130
49090
33730
77770
62410
60370
45010
29650
73690
58330
27610
56290
40930
84970
69610
23530
67570
52210
36850
80890
65530
34810
)


// ************************************************************************* //
