/*--------------------------------*- C++ -*----------------------------------*\
| =========                 |                                                 |
| \\      /  F ield         | OpenFOAM: The Open Source CFD Toolbox           |
|  \\    /   O peration     | Version:  2106                                  |
|   \\  /    A nd           | Website:  www.openfoam.com                      |
|    \\/     M anipulation  |                                                 |
\*---------------------------------------------------------------------------*/
FoamFile
{
    version     2.0;
    format      binary;
    arch        "LSB;label=32;scalar=64";
    class       cellSet;
    location    "constant/polyMesh/sets";
    object      zone2;
}
// * * * * * * * * * * * * * * * * * * * * * * * * * * * * * * * * * * * * * //


512
(
55296
53248
55297
53249
51201
53250
51202
53251
51203
53252
51204
53253
51205
53254
51206
53255
51207
53256
51208
53257
51209
53258
51210
51211
51212
51213
51214
51215
51216
51217
51218
56362
56363
56366
56367
56370
56371
56372
56374
56375
56376
52281
52282
52283
52284
52285
52286
52287
52288
52289
52290
52292
52293
52294
52296
52297
52298
55402
55403
55406
55407
55410
55411
55412
55414
55415
55416
51321
51322
51323
51324
51325
51326
51327
51328
51329
51330
51332
51333
51334
51336
51337
51338
56491
56492
56494
56495
52401
52402
52403
52404
52405
52406
52407
52408
52409
52410
52411
52412
52413
52414
52416
52417
52418
55522
55523
55526
55527
55530
55531
55532
55534
55535
55536
51441
51442
51443
51444
51445
51446
51447
51448
51449
51450
51452
51453
51454
51455
51456
51457
51458
56602
56603
56604
56605
56610
56611
56612
56613
52521
52522
52523
52524
52525
52526
52527
52528
52529
52530
52531
52532
52533
52534
52536
52537
52538
55642
55643
55646
55647
55650
55651
55652
55654
55655
55656
51561
51562
51563
51564
51565
51566
51567
51568
51569
51570
51572
51573
51574
51575
51576
51577
51578
56722
56723
56724
56725
56726
56727
56728
56730
56731
56732
56733
56734
56735
56736
52641
52642
52643
52644
52645
52646
52647
52648
52649
52650
52652
52653
52654
52656
52657
52658
55762
55763
55766
55767
55770
55771
55772
55774
55775
55776
51681
51682
51683
51684
51685
51686
51687
51688
51689
51690
51691
51692
51693
51694
51695
51696
51697
51698
56842
56843
56846
56847
56848
56850
54802
56851
54803
56852
54804
54805
56854
54806
56855
54807
56856
52761
54810
52762
54811
52763
54812
52764
52765
54814
52766
54815
52767
54816
52768
54817
52769
54818
52770
52771
52772
52773
52774
52775
52776
52777
52778
55882
55883
55886
55887
55890
55891
55892
55894
55895
55896
51801
51802
51803
51804
51805
51806
51807
51808
51809
51810
51811
51812
51813
51814
51815
51816
51817
51818
54922
54923
54924
54925
54926
54927
54928
52881
54930
52882
54931
52883
54932
52884
54933
52885
54934
52886
54935
52887
54936
52888
54937
52889
54938
52890
52891
52892
52893
52894
52895
52896
52897
52898
56002
56003
56006
56007
56010
56011
56012
56014
56015
56016
51921
51922
51923
51924
51925
51926
51927
51928
51929
51930
51931
51932
51933
51934
51936
51937
51938
55042
55043
55045
55046
55047
55048
55049
53001
55050
53002
55051
53003
55052
53004
55053
53005
55054
53006
55055
53007
55056
53008
55057
53009
55058
53010
53011
53012
53013
53014
53015
53016
53017
53018
56122
56123
56126
56127
56130
56131
56132
56134
56135
56136
52041
52042
52043
52044
52045
52046
52047
52048
52049
52050
52051
52052
52053
52054
52056
52057
52058
55162
55163
55164
55165
55166
55167
55168
55169
53121
55170
53122
55171
53123
55172
53124
53125
55174
53126
55175
53127
55176
53128
55177
53129
55178
53130
53132
53133
53134
53135
53136
53137
53138
56242
56243
56246
56247
56250
56251
56252
56254
56255
56256
52161
52162
52163
52164
52165
52166
52167
52168
52169
52170
52172
52173
52174
52176
52177
52178
55282
55283
55284
55285
55286
55287
55288
53241
55290
53242
55291
53243
55292
53244
53245
55294
53246
55295
53247
)


// ************************************************************************* //
