/*--------------------------------*- C++ -*----------------------------------*\
| =========                 |                                                 |
| \\      /  F ield         | OpenFOAM: The Open Source CFD Toolbox           |
|  \\    /   O peration     | Version:  2106                                  |
|   \\  /    A nd           | Website:  www.openfoam.com                      |
|    \\/     M anipulation  |                                                 |
\*---------------------------------------------------------------------------*/
FoamFile
{
    version     2.0;
    format      binary;
    arch        "LSB;label=32;scalar=64";
    class       cellSet;
    location    "constant/polyMesh/sets";
    object      zone1;
}
// * * * * * * * * * * * * * * * * * * * * * * * * * * * * * * * * * * * * * //


468
(
58368
29696
58369
56329
56330
69645
40973
69646
40974
67606
67607
52250
52251
65566
36894
65567
36895
63527
34855
63528
34856
48171
76844
48172
74804
74805
59448
30776
59449
72764
44092
72765
44093
70725
42053
70726
42054
55369
55370
66646
37974
66647
37975
51290
51291
49251
77924
49252
62567
33895
62568
33896
73844
45172
73845
45173
58488
29816
58489
56449
56450
69765
41093
69766
41094
52370
52371
65686
37014
65687
37015
63647
34975
63648
34976
48291
76964
48292
59568
30896
59569
72884
44212
72885
44213
70845
42173
70846
42174
55489
55490
66766
38094
66767
38095
51410
51411
49371
78044
49372
62687
34015
62688
34016
73964
45292
73965
45293
58608
29936
58609
56569
56570
69885
41213
69886
41214
52490
52491
65806
37134
65807
37135
63767
35095
63768
35096
48411
77084
48412
59688
31016
59689
73004
44332
73005
44333
70965
42293
70966
42294
55609
55610
66886
38214
66887
38215
51530
51531
49491
78164
49492
62807
34135
62808
34136
74084
45412
74085
45413
58728
30056
58729
56689
56690
70005
41333
70006
41334
52610
52611
65926
37254
65927
37255
63887
35215
63888
35216
48531
77204
48532
33175
33176
59808
31136
59809
73124
44452
73125
44453
71085
42413
71086
42414
55729
55730
40373
40374
67006
38334
67007
38335
51650
51651
49611
78284
49612
62927
34255
62928
34256
47571
47572
74204
45532
74205
45533
58848
30176
58849
56809
56810
70125
41453
70126
41454
54769
54770
52730
52731
66046
37374
66047
37375
64007
64008
48651
77324
48652
61967
33295
61968
33296
59928
31256
59929
73244
44572
73245
44573
71205
71206
55849
55850
69165
40493
69166
40494
67126
38454
67127
38455
51770
51771
78404
63047
34375
63048
34376
47691
76364
47692
74324
45652
74325
45653
58968
30296
58969
70245
41573
70246
41574
54889
54890
52850
52851
66166
37494
66167
37495
48771
77444
48772
62087
33415
62088
33416
60048
31376
60049
73364
44692
73365
44693
55969
55970
69285
40613
69286
40614
67246
38574
67247
38575
51890
51891
63167
34495
63168
34496
47811
76484
47812
74444
45772
74445
45773
59088
30416
59089
70365
41693
70366
41694
55009
55010
52970
52971
66286
37614
66287
37615
48891
77564
48892
62207
33535
62208
33536
60168
31496
60169
73484
44812
73485
44813
56089
56090
69405
40733
69406
40734
67366
38694
67367
38695
52010
52011
63287
34615
63288
34616
47931
76604
47932
74564
45892
74565
45893
59208
30536
59209
70485
41813
70486
41814
55129
55130
53090
53091
66406
37734
66407
37735
49011
77684
49012
62327
33655
62328
33656
60288
31616
60289
73604
44932
73605
44933
29576
56209
56210
69525
40853
69526
40854
67486
38814
67487
38815
52130
52131
36774
36775
63407
34735
63408
34736
48051
76724
48052
74684
46012
74685
46013
59328
30656
59329
43972
43973
70605
41933
70606
41934
55249
55250
53210
53211
66526
37854
66527
37855
51170
51171
49131
77804
49132
62447
33775
62448
33776
60408
60409
73724
45052
73725
45053
)


// ************************************************************************* //
